Offset 
 tensor([   0.,   51.,  102.,  153.,  204.,  255.,  306.,  357.,  408.,  459.,
         510.,  561.,  612.,  663.,  714.,  765.,  816.,  867.,  918.,  969.,
        1020., 1071., 1122., 1173., 1224., 1275., 1326., 1377., 1428., 1479.,
        1530., 1581.])
Offset 
 tensor([   0,   51,  102,  153,  204,  255,  306,  357,  408,  459,  510,  561,
         612,  663,  714,  765,  816,  867,  918,  969, 1020, 1071, 1122, 1173,
        1224, 1275, 1326, 1377, 1428, 1479, 1530, 1581])
Offset 
 tensor([[   0],
        [  51],
        [ 102],
        [ 153],
        [ 204],
        [ 255],
        [ 306],
        [ 357],
        [ 408],
        [ 459],
        [ 510],
        [ 561],
        [ 612],
        [ 663],
        [ 714],
        [ 765],
        [ 816],
        [ 867],
        [ 918],
        [ 969],
        [1020],
        [1071],
        [1122],
        [1173],
        [1224],
        [1275],
        [1326],
        [1377],
        [1428],
        [1479],
        [1530],
        [1581]])
Offset 
 tensor([[   0,    0,    0,  ...,    0,    0,    0],
        [  51,   51,   51,  ...,   51,   51,   51],
        [ 102,  102,  102,  ...,  102,  102,  102],
        ...,
        [1479, 1479, 1479,  ..., 1479, 1479, 1479],
        [1530, 1530, 1530,  ..., 1530, 1530, 1530],
        [1581, 1581, 1581,  ..., 1581, 1581, 1581]])
Offset 
 tensor([[   0,    0,    0,  ...,    0,    0,    0],
        [  51,   51,   51,  ...,   51,   51,   51],
        [ 102,  102,  102,  ...,  102,  102,  102],
        ...,
        [1479, 1479, 1479,  ..., 1479, 1479, 1479],
        [1530, 1530, 1530,  ..., 1530, 1530, 1530],
        [1581, 1581, 1581,  ..., 1581, 1581, 1581]], device='cuda:0')
proj_dist tensor([[0., 0., 0.,  ..., 0., 0., 0.],
        [0., 0., 0.,  ..., 0., 0., 0.],
        [0., 0., 0.,  ..., 0., 0., 0.],
        ...,
        [0., 0., 0.,  ..., 0., 0., 0.],
        [0., 0., 0.,  ..., 0., 0., 0.],
        [0., 0., 0.,  ..., 0., 0., 0.]], device='cuda:0')
proj_dist tensor([[1.9746e-02, 6.9136e-02, 8.3565e-02,  ..., 2.4000e-04, 2.5000e-04,
         0.0000e+00],
        [3.6420e-01, 2.1606e-01, 6.3748e-02,  ..., 2.4000e-04, 2.5000e-04,
         0.0000e+00],
        [1.1772e-03, 6.3764e-03, 1.3212e-02,  ..., 2.4000e-04, 2.5000e-04,
         0.0000e+00],
        ...,
        [1.2460e-01, 1.4246e-01, 8.8051e-02,  ..., 2.4000e-04, 2.5000e-04,
         0.0000e+00],
        [5.0134e-02, 8.6612e-02, 6.6463e-02,  ..., 2.4000e-04, 2.5000e-04,
         0.0000e+00],
        [7.5000e-04, 3.5887e-03, 8.6226e-03,  ..., 2.4000e-04, 2.5000e-04,
         0.0000e+00]], device='cuda:0')
proj_dist tensor([[0.0197, 0.0757, 0.1054,  ..., 0.0010, 0.0010, 0.0008],
        [0.3642, 0.3375, 0.1320,  ..., 0.0010, 0.0010, 0.0008],
        [0.0012, 0.0068, 0.0152,  ..., 0.0010, 0.0010, 0.0008],
        ...,
        [0.1246, 0.1840, 0.1330,  ..., 0.0010, 0.0010, 0.0008],
        [0.0501, 0.1033, 0.0938,  ..., 0.0010, 0.0010, 0.0008],
        [0.0008, 0.0038, 0.0098,  ..., 0.0010, 0.0010, 0.0008]],
       device='cuda:0')